1277,2003,2999,1433,1993,2362,1947,1438,1882,2561,2003,1873,1122,1832,1689,2362,2215,2289,1966,941,2999,1122,2394,3326,2195,2167,2619,2793,1276,1905,1433,1832,3326,2809,2508,1511,2426,1252,1452,1808,1993,1689,2195,2508,2833,2472,2741,2104,1930,2107,2362,2362,2167,1511,2472,1593,2885,2410,1496,2377,1947,2215,2619,2426,2741,2885,1683,1953,2330,1545,1438,2289,2793,1252,2104,2410,1953,1713,2028,1871,1882,1966,1276,1452,1930,1496,2330,2028,2303,2665,2561,941,1905,1808,2107,2377,1545,1871,2665,1414
2552,3545,3751,3022,3488,4079,3711,3528,4280,4112,3545,2144,2423,4368,2767,3638,3688,3687,2863,3112,3751,2423,2168,3033,4256,3463,2519,3280,3384,3287,3022,4368,3033,2368,4297,4265,3063,2296,3065,2312,3488,2767,4256,4297,2312,3470,3064,2745,3367,2440,4079,3638,3463,4265,3470,2272,2881,5800,3736,3288,3711,3688,2519,3063,3064,2881,2072,6200,3072,2456,3528,3687,3280,2296,2745,5800,6200,2096,2743,2361,4280,2863,3384,3065,3367,3736,3072,2743,3680,5207,4112,3112,3287,2312,2440,3288,2456,2361,5207,2256
2639,3147,4513,6076,3686,6225,3446,3150,3059,3751,3147,4502,6177,5372,3556,8623,4211,4217,3866,4054,4513,6177,4850,4592,3844,3938,3398,3804,3048,2953,6076,5372,4592,3113,4351,3541,4584,8462,6110,3745,3686,3556,3844,4351,3114,3805,3564,3264,3215,4015,6225,8623,3938,3541,3805,3190,3516,3638,3492,3362,3446,4211,3398,4584,3564,3516,2914,3112,3218,3199,3150,4217,3804,8462,3264,3638,3112,3216,3770,4826,3059,3866,3048,6110,3215,3492,3218,3770,8039,3047,3751,4054,2953,3745,4015,3362,3199,4826,3047,3313
4487,2984,2936,2880,14265,3984,3680,3368,6495,2952,2984,4859,14672,6416,2587,3387,3176,2576,14136,3695,2936,14672,3152,10476,10815,4864,4130,2736,3248,2737,2880,6416,10476,3048,7984,4912,3264,3214,3592,3268,14265,2587,10815,7984,4184,6767,3623,10609,3128,2424,3984,3387,4864,4912,6767,3488,15010,3940,7480,3576,3680,3176,4130,3264,3623,15010,4448,2863,3080,3856,3368,2576,2736,3214,10609,3940,2863,2960,5717,2824,6495,14136,3248,3592,3128,7480,3080,5717,2823,3120,2952,3695,2737,3268,2424,3576,3856,2824,3120,3060
2088,8722,2712,3552,2784,2160,2288,2895,2289,3328,8722,1800,2903,14002,2312,4592,10569,2665,4800,3058,2712,2903,2209,7288,3448,5433,3024,2704,2927,2672,3552,14002,7288,2920,11121,9176,4673,2056,3104,3968,2784,2312,3448,11121,4289,3785,2744,2544,3408,2825,2160,4592,5433,9176,3785,2433,4584,2825,2345,4040,2288,10569,3024,4673,2744,4584,2568,5865,2585,7633,2895,2665,2704,2056,2544,2825,5865,2064,8505,3248,2289,4800,2927,3104,3408,2345,2585,8505,3112,6280,3328,3058,2672,3968,2825,4040,7633,3248,6280,2240
2840,4927,3165,3828,2762,2499,2960,5929,4745,2912,4927,2849,2611,4756,2316,3127,2912,4405,5497,4039,3165,2611,3366,13983,4610,3586,4309,27475,2350,3041,3828,4756,13983,3976,6381,3142,2626,3674,7335,4198,2762,2316,4610,6381,2960,3658,3445,4285,3533,2571,2499,3127,3586,3142,3658,2999,4143,3199,5110,3890,2960,2912,4309,2626,3445,4143,2278,10984,3415,3684,5929,4405,27475,3674,4285,3199,10984,2731,3714,2365,4745,5497,2350,7335,3533,5110,3415,3714,2658,4563,2912,4039,3041,4198,2571,3890,3684,2365,4563,4072
2928,2665,3047,3559,4729,3008,22691,3211,14991,3291,2665,2510,2898,3632,3990,5447,4070,3232,3709,3543,3047,2898,2789,3007,5604,4203,3919,3375,3235,3613,3559,3632,3007,2634,4153,2893,2799,2881,2763,2780,4729,3990,5604,4153,2746,4488,3199,5058,4670,2780,3008,5447,4203,2893,4488,2768,3384,2621,5327,4342,22691,4070,3919,2799,3199,3384,7710,2789,4048,2655,3211,3232,3375,2881,5058,2621,2789,4338,6883,3313,14991,3709,3235,2763,4670,5327,4048,6883,3404,3685,3291,3543,3613,2780,2780,4342,2655,3313,3685,3194
2384,2449,2757,1731,2356,2116,2404,1988,2676,3348,2449,3013,2517,3044,2164,3075,2032,3427,2852,2260,2757,2517,1972,3685,2716,2660,3139,2803,3139,2496,1731,3044,3685,3027,3844,3316,2773,2580,2580,2436,2356,2164,2716,3844,2884,2517,3363,2788,2331,1923,2116,3075,2660,3316,2517,2771,2987,2272,2180,4825,2404,2032,3139,2773,3363,2987,2164,2820,2116,3441,1988,3427,2803,2580,2788,2272,2820,2868,2148,1856,2676,2852,3139,2580,2331,2180,2116,2148,2292,2835,3348,2260,2496,2436,1923,4825,3441,1856,2835,3221
3536,4592,5647,5096,4400,9024,4209,10927,10096,5592,4592,4264,4048,6112,4600,5047,4847,5184,9648,24489,5647,4048,4968,4704,12048,5071,4872,4600,7912,4920,5096,6112,4704,4159,4120,4864,5096,4583,4816,28503,4400,4600,12048,4120,6064,4128,5008,9416,5231,3384,9024,5047,5071,4864,4128,4425,7264,6200,4592,4240,4209,4847,4872,5096,5008,7264,4152,4048,4224,3559,10927,5184,4600,4583,9416,6200,4048,9628,6071,8632,10096,9648,7912,4816,5231,4592,4224,6071,4049,4080,5592,24489,4920,28503,3384,4240,3559,8632,4080,3576
3003,2812,3709,3464,3241,3188,2629,2533,3487,2850,2812,2575,3118,3769,3668,2673,3929,3356,2898,6850,3709,3118,3561,3877,3235,2595,3274,2702,3210,2839,3464,3769,3877,3110,4056,2880,3672,3155,2871,3014,3241,3668,3235,4056,3208,3595,2805,3207,2731,4810,3188,2673,2595,2880,3595,3554,3717,4178,3278,3077,2629,3929,3274,3672,2805,3717,2371,3413,3169,3148,2533,3356,2702,3155,3207,4178,3413,2979,3117,2963,3487,2898,3210,2871,2731,3278,3169,3117,3217,3712,2850,6850,2839,3014,4810,3077,3148,2963,3712,3266
2389,3376,2607,2294,3547,4251,3394,2575,2764,3980,3376,2514,9609,4185,2629,3060,2709,2423,3010,2755,2607,9609,3698,3262,5750,3804,2770,2543,3182,6242,2294,4185,3262,2976,3308,6585,2782,2457,2542,4520,3547,2629,5750,3308,2952,3515,3168,2480,4663,3625,4251,3060,3804,6585,3515,2330,2834,2736,4808,3526,3394,2709,2770,2782,3168,2834,2462,4574,3495,4389,2575,2423,2543,2457,2480,2736,4574,2752,2579,14094,2764,3010,3182,2542,4663,4808,3495,2579,2839,3122,3980,2755,6242,4520,3625,3526,4389,14094,3122,2638
2911,2822,4136,2677,2880,5248,3207,2088,3999,3736,2822,3367,4280,3687,5168,3439,4296,4120,2464,2608,4136,4280,2735,3159,5488,4088,4319,4038,3480,2375,2677,3687,3159,3192,3679,5585,4586,3712,3570,2816,2880,5168,5488,3679,4167,3721,3104,2952,3152,3414,5248,3439,4088,5585,3721,2480,4295,4292,3410,2846,3207,4296,4319,4586,3104,4295,3391,4224,2287,3056,2088,4120,4038,3712,2952,4292,4224,6789,2503,3544,3999,2464,3480,3570,3152,3410,2287,2503,2544,5770,3736,2608,2375,2816,3414,2846,3056,3544,5770,2744
8491,1693,2228,1421,3561,1680,2465,3239,3543,1306,1693,3129,2385,2379,3751,2575,1900,1348,1462,1812,2228,2385,1756,2293,2653,1112,2843,1804,1827,1999,1421,2379,2293,3621,2188,1775,1220,1331,1738,1640,3561,3751,2653,2188,2140,1524,3625,2008,2002,1211,1680,2575,1112,1775,1524,3468,1494,6552,4521,1502,2465,1900,2843,1220,3625,1494,1980,2130,2297,1991,3239,1348,1804,1331,2008,6552,2130,1874,2251,2178,3543,1462,1827,1738,2002,4521,2297,2251,1789,3749,1306,1812,1999,1640,1211,1502,1991,2178,3749,2444
4006,3609,4679,3815,4303,3399,4084,3752,4648,5567,3609,3096,7864,5375,3976,9352,5351,6598,12191,8118,4679,7864,5391,5440,6750,8566,5568,4559,5166,4400,3815,5375,5440,4767,4368,5063,5062,3511,3383,3632,4303,3976,6750,4368,3720,4543,3806,4211,5189,3552,3399,9352,8566,5063,4543,3279,9246,12140,8183,5456,4084,5351,5568,5062,3806,9246,3927,6999,4319,5735,3752,6598,4559,3511,4211,12140,6999,4208,8382,6928,4648,12191,5166,3383,5189,8183,4319,8382,4647,4790,5567,8118,4400,3632,3552,5456,5735,6928,4790,5056
4360,3776,4956,3752,5783,3880,6439,3944,3712,3832,3776,3465,4727,3631,4247,5081,5936,3216,3704,6007,4956,4727,4137,4784,4960,4064,3752,3895,3431,3949,3752,3631,4784,3592,5025,4216,3015,3808,3503,4208,5783,4247,4960,5025,3912,4536,3624,4448,4201,3513,3880,5081,4064,4216,4536,5937,5744,5007,4527,4696,6439,5936,3752,3015,3624,5744,3606,4096,3583,3640,3944,3216,3895,3808,4448,5007,4096,3103,3849,3769,3712,3704,3431,3503,4201,4527,3583,3849,3624,4646,3832,6007,3949,4208,3513,4696,3640,3769,4646,4878
5597,5103,4720,6201,17022,8548,6188,4860,4487,5275,5103,5637,5849,4646,5397,13089,6659,4278,5079,4579,4720,5849,7387,6981,6934,5814,5472,5935,4551,3254,6201,4646,6981,6712,10875,5397,5317,4679,5380,4687,17022,5397,6934,10875,7416,7030,4401,8197,5117,4382,8548,13089,5814,5397,7030,6860,5062,5463,6043,6246,6188,6659,5472,5317,4401,5062,5232,6321,6990,4780,4860,4278,5935,4679,8197,5463,6321,4721,5267,8380,4487,5079,4551,5380,5117,6043,6990,5267,3855,5867,5275,4579,3254,4687,4382,6246,4780,8380,5867,7306
5381,3715,4097,4639,4706,4400,4526,4060,4391,7761,3715,4339,4246,4135,5027,6911,4939,16815,3571,4281,4097,4246,4750,5030,5594,4094,3778,4470,4126,4186,4639,4135,5030,5289,5757,4672,4050,4680,3776,4241,4706,5027,5594,5757,3861,15958,4815,5962,8892,4783,4400,6911,4094,4672,15958,17464,6490,5839,6451,9365,4526,4939,3778,4050,4815,6490,4532,4888,5375,5337,4060,16815,4470,4680,5962,5839,4888,4909,25277,6560,4391,3571,4126,3776,8892,6451,5375,25277,4818,6361,7761,4281,4186,4241,4783,9365,5337,6560,6361,5395
1400,3703,1791,2551,2584,2296,2486,2300,3680,3824,3703,2086,2200,2493,2368,2944,1810,3161,4064,2927,1791,2200,6200,2560,3959,5032,20680,2936,2799,3736,2551,2493,2560,1936,3744,3152,3480,2720,2832,3184,2584,2368,3959,3744,2027,2280,3394,3072,2568,2376,2296,2944,5032,3152,2280,1728,2576,1872,1776,2735,2486,1810,20680,3480,3394,2576,1488,3750,1824,2509,2300,3161,2936,2720,3072,1872,3750,1979,2888,2064,3680,4064,2799,2832,2568,1776,1824,2888,1624,2152,3824,2927,3736,3184,2376,2735,2509,2064,2152,1896
3136,6320,3744,3809,5537,4560,6752,3552,3584,6008,6320,3184,9876,4352,3976,7081,8313,6936,4600,5272,3744,9876,4160,6056,10481,7264,38777,3920,5186,4247,3809,4352,6056,3217,10353,3600,3616,3768,3248,3296,5537,3976,10481,10353,8760,5616,3408,3560,2937,10993,4560,7081,7264,3600,5616,3616,4273,8961,5449,4857,6752,8313,38777,3616,3408,4273,5352,4224,5616,3272,3552,6936,3920,3768,3560,8961,4224,4008,3600,3984,3584,4600,5186,3248,2937,5449,5616,3600,3088,3028,6008,5272,4247,3296,10993,4857,3272,3984,3028,3592
1729,2024,3303,2497,2727,3081,2385,2271,3832,3520,2024,2160,3032,7081,2384,3303,3129,2623,2305,3120,3303,3032,1848,5288,6672,4424,13209,3432,2648,2920,2497,7081,5288,3882,6414,3840,2199,2926,3231,2929,2727,2384,6672,6414,2136,2454,2855,3864,2224,1816,3081,3303,4424,3840,2454,2199,3696,2344,2209,3479,2385,3129,13209,2199,2855,3696,1656,3696,2431,2961,2271,2623,3432,2926,3864,2344,3696,2289,2664,3585,3832,2305,2648,3231,2224,2209,2431,2664,2416,2110,3520,3120,2920,2929,1816,3479,2961,3585,2110,2145
