2980,5390,2711,3748,3367,4012,5437,3645,7510,6632,5390,5091,3078,3846,7141,6743,6432,3864,3724,3852,2711,3078,3497,3821,3433,3966,4237,3393,4399,4781,3748,3846,3821,3626,4638,3644,3939,8484,4332,3607,3367,7141,3433,4638,4084,3955,4993,4478,3033,3288,4012,6743,3966,3644,3955,5659,4840,3408,3542,3964,5437,6432,4237,3939,4993,4840,2975,4838,3846,3691,3645,3864,3393,8484,4478,3408,4838,4302,3690,4270,7510,3724,4399,4332,3033,3542,3846,3690,2699,7948,6632,3852,4781,3607,3288,3964,3691,4270,7948,3463
1744,849,1004,2203,1853,2025,2256,1860,2558,3122,849,1260,1635,1679,1919,2093,2261,3116,1621,2155,1004,1635,1640,2071,2837,1693,986,1275,1810,2280,2203,1679,2071,2846,2114,1946,2558,3032,1182,2165,1853,1919,2837,2114,2612,2522,1957,2622,954,2287,2025,2093,1693,1946,2522,1992,1930,3668,2269,1928,2256,2261,986,2558,1957,1930,1633,2011,1977,1851,1860,3116,1275,3032,2622,3668,2011,1739,4211,2165,2558,1621,1810,1182,954,2269,1977,4211,1932,2178,3122,2155,2280,2165,2287,1928,1851,2165,2178,1414
2895,4455,6791,5155,3879,3226,3573,5703,3400,4765,4455,3067,6439,5555,3332,4760,6119,4227,4028,3215,6791,6439,3186,4748,4761,6652,6425,4259,4045,4643,5155,5555,4748,4607,5600,4774,4240,9914,3391,7202,3879,3332,4761,5600,2942,4914,2985,3942,5632,5310,3226,4760,6652,4774,4914,3917,3268,3930,5315,5242,3573,6119,6425,4240,2985,3268,3065,5331,8954,10010,5703,4227,4259,9914,3942,3930,5331,3073,6121,3319,3400,4028,4045,3391,5632,5315,8954,6121,3607,5593,4765,3215,4643,7202,5310,5242,10010,3319,5593,3832
3528,2734,2792,3617,3592,2775,3448,3552,4849,8873,2734,4174,2458,2447,7783,4177,4960,3718,3847,2776,2792,2458,3469,3087,3856,3095,2797,5816,4743,3103,3617,2447,3087,7641,5672,2730,5814,3232,2705,5008,3592,7783,3856,5672,3159,3176,3697,4821,3567,2728,2775,4177,3095,2730,3176,4470,3472,4165,5727,3370,3448,4960,2797,5814,3697,3472,3611,3161,3761,7608,3552,3718,5816,3232,4821,4165,3161,2977,3344,13560,4849,3847,4743,2705,3567,5727,3761,3344,4904,2369,8873,2776,3103,5008,2728,3370,7608,13560,2369,3247
3960,3528,4266,3266,3860,3259,3507,3861,3468,3084,3528,3451,16128,2576,3444,3315,3272,3284,3315,3384,4266,16128,3484,3328,3293,1352,3135,2352,1984,7600,3266,2576,3328,3944,3143,4220,3420,2600,3491,3072,3860,3444,3293,3143,1920,3014,3311,4915,3049,4072,3259,3315,1352,4220,3014,3060,2296,5139,4174,3327,3507,3272,3135,3420,3311,2296,3242,4372,4114,4099,3861,3284,2352,2600,4915,5139,4372,3882,3936,3192,3468,3315,1984,3491,3049,4174,4114,3936,2945,4475,3084,3384,7600,3072,4072,3327,4099,3192,4475,2794
5374,2690,2671,3512,7030,3040,7396,2669,6687,4107,2690,3657,2896,3307,3408,4700,2800,5787,3544,3088,2671,2896,3121,2670,3418,3312,2844,2752,4655,2760,3512,3307,2670,3632,4280,2679,2601,5627,2624,5228,7030,3408,3418,4280,3012,2556,6675,2647,4112,3452,3040,4700,3312,2679,2556,3720,3456,3608,3739,3814,7396,2800,2844,2601,6675,3456,3160,2808,3328,4759,2669,5787,2752,5627,2647,3608,2808,6118,3759,6181,6687,3544,4655,2624,4112,3739,3328,3759,2752,3345,4107,3088,2760,5228,3452,3814,4759,6181,3345,2791
2446,3398,4530,2722,7271,2975,3992,2462,3564,2960,3398,6198,2280,2568,2676,10425,2464,8696,21022,2136,4530,2280,3556,2930,2897,3686,2427,3608,2986,2329,2722,2568,2930,2596,3048,7275,4053,3128,2791,5998,7271,2676,2897,3048,3798,56962,17557,2950,3518,4324,2975,10425,3686,7275,56962,2576,2094,5781,6953,3347,3992,2464,2427,4053,17557,2094,2610,4040,2517,4605,2462,8696,3608,3128,2950,5781,4040,2453,3155,5558,3564,21022,2986,2791,3518,6953,2517,3155,3451,12401,2960,2136,2329,5998,4324,3347,4605,5558,12401,2735
1619,2394,1974,2661,17551,2369,2226,6525,19120,2974,2394,2424,7246,2938,11027,3679,2405,1896,2461,3046,1974,7246,1476,2576,2336,2721,1866,3755,2971,2211,2661,2938,2576,1709,2265,1828,2714,2548,2842,3065,17551,11027,2336,2265,1885,3032,3114,2330,22721,1846,2369,3679,2721,1828,3032,2050,2501,2052,3550,2457,2226,2405,1866,2714,3114,2501,3453,2466,3159,2295,6525,1896,3755,2548,2330,2052,2466,1863,1568,2732,19120,2461,2971,2842,22721,3550,3159,1568,1815,2082,2974,3046,2211,3065,1846,2457,2295,2732,2082,2427
3331,6152,7328,3088,4224,1775,2495,3632,3327,3328,6152,2741,2064,3456,10144,3424,2112,2383,1680,3535,7328,2064,2047,2896,5712,3919,2640,2384,2128,2016,3088,3456,2896,2144,3232,1792,5728,5472,1424,4956,4224,10144,5712,3232,5903,3040,2800,1983,4736,4703,1775,3424,3919,1792,3040,2591,2608,2695,2160,3488,2495,2112,2640,5728,2800,2608,3904,1839,2072,4432,3632,2383,2384,5472,1983,2695,1839,2175,2512,4720,3327,1680,2128,1424,4736,2160,2072,2512,6839,1775,3328,3535,2016,4956,4703,3488,4432,4720,1775,3536
3510,3052,2745,7470,5079,3314,6100,3670,8779,4594,3052,2858,3016,3132,3302,3841,4272,4163,4456,3855,2745,3016,5144,3307,4858,3694,5164,8858,3539,3282,7470,3132,3307,3592,3351,3107,5852,3606,25579,5404,5079,3302,4858,3351,4278,4295,4064,3343,13064,3753,3314,3841,3694,3107,4295,3283,3955,4078,3232,3338,6100,4272,5164,5852,4064,3955,2906,7971,4387,4269,3670,4163,8858,3606,3343,4078,7971,3018,6521,9645,8779,4456,3539,25579,13064,3232,4387,6521,3194,14724,4594,3855,3282,5404,3753,3338,4269,9645,14724,3414
4013,3389,5014,4226,4857,3419,4778,3071,8334,3993,3389,5428,4147,2588,3526,4059,3632,5420,4061,2878,5014,4147,5344,3846,5270,3800,5457,6207,7917,3400,4226,2588,3846,3893,2875,2917,4600,5969,3290,5882,4857,3526,5270,2875,7237,4381,5179,3071,6954,3015,3419,4059,3800,2917,4381,4445,4198,4266,3373,8407,4778,3632,5457,4600,5179,4198,3101,6780,5183,5492,3071,5420,6207,5969,3071,4266,6780,3642,4340,6421,8334,4061,7917,3290,6954,3373,5183,4340,4716,6507,3993,2878,3400,5882,3015,8407,5492,6421,6507,3613
3896,17095,4266,12449,5147,6496,3243,5353,3405,3207,17095,4819,4171,5250,4106,3032,3229,4405,13722,3865,4266,4171,5765,3114,3477,10360,16958,3428,3260,20267,12449,5250,3114,7949,5713,3623,2928,2771,18218,7372,5147,4106,3477,5713,4364,5522,4760,3883,2871,2994,6496,3032,10360,3623,5522,7793,4301,3699,3032,3106,3243,3229,16958,2928,4760,4301,6634,4055,5152,5458,5353,4405,3428,2771,3883,3699,4055,3634,3489,3535,3405,13722,3260,18218,2871,3032,5152,3489,3184,3698,3207,3865,20267,7372,2994,3106,5458,3535,3698,4011
2873,2697,2848,2216,3808,2911,3663,2863,4624,2967,2697,4535,3192,7040,2568,2616,3263,3046,3280,4504,2848,3192,2791,3439,5974,2607,6968,4401,3495,3985,2216,7040,3439,2778,3031,3624,3551,2751,2848,5033,3808,2568,5974,3031,2398,2767,4330,2856,3225,5993,2911,2616,2607,3624,2767,2224,6241,3025,2368,3887,3663,3263,6968,3551,4330,6241,7992,4017,2577,3168,2863,3046,4401,2751,2856,3025,4017,2752,4121,2770,4624,3280,3495,2848,3225,2368,2577,4121,5185,2823,2967,4504,3985,5033,5993,3887,3168,2770,2823,2494
2335,3680,3191,2937,2920,2814,2503,5503,2872,3088,3680,3248,3289,5193,2921,2816,2713,2815,3769,2945,3191,3289,2433,2744,3016,2880,2287,3447,2903,3207,2937,5193,2744,2448,4977,3128,2615,22693,3984,2815,2920,2921,3016,4977,2143,2592,2320,2711,2761,2210,2814,2816,2880,3128,2592,5161,2359,3424,2398,2143,2503,2713,2287,2615,2320,2359,4080,2807,2913,18664,5503,2815,3447,22693,2711,3424,2807,2622,3417,3032,2872,3769,2903,3984,2761,2398,2913,3417,3817,2384,3088,2945,3207,2815,2210,2143,18664,3032,2384,2279
3128,3119,3136,2192,6809,2841,4808,3032,2624,3031,3119,2767,3031,4345,3088,2575,2657,7032,2951,2720,3136,3031,3599,2920,3312,3184,3721,3159,6969,2911,2192,4345,2920,2984,3577,3433,9729,6312,2920,4505,6809,3088,3312,3577,3709,2753,5547,2448,2945,2807,2841,2575,3184,3433,2753,2871,2816,3047,4240,3833,4808,2657,3721,9729,5547,2816,2352,3641,3992,4839,3032,7032,3159,6312,2448,3047,3641,3256,4569,8425,2624,2951,6969,2920,2945,4240,3992,4569,2409,4815,3031,2720,2911,4505,2807,3833,4839,8425,4815,2704
2741,3829,3421,2896,9853,3228,2911,3589,3017,5694,3829,3940,2506,2841,3236,3262,3166,3681,2782,6041,3421,2506,2739,2583,3128,5016,4962,3173,2889,6409,2896,2841,2583,3266,4520,2858,3673,4527,3472,2920,9853,3236,3128,4520,3229,2982,6312,3238,4247,3130,3228,3262,5016,2858,2982,2960,3572,2928,3575,5457,2911,3166,4962,3673,6312,3572,2895,3542,3245,3280,3589,3681,3173,4527,3238,2928,3542,2512,4053,6740,3017,2782,2889,3472,4247,3575,3245,4053,2414,3493,5694,6041,6409,2920,3130,5457,3280,6740,3493,3220
5319,2888,4876,2740,6609,2472,4176,3539,3524,9031,2888,4987,3202,3312,3351,3033,3792,2628,2967,4137,4876,3202,3163,3087,8087,4812,3552,6276,6927,9034,2740,3312,3087,6368,3903,2772,5187,3669,3092,3248,6609,3351,8087,3903,3361,3400,6993,3168,9144,6304,2472,3033,4812,2772,3400,4699,3187,10652,5216,3416,4176,3792,3552,5187,6993,3187,4183,5736,3344,5492,3539,2628,6276,3669,3168,10652,5736,10189,3076,5629,3524,2967,6927,3092,9144,5216,3344,3076,6795,3261,9031,4137,9034,3248,6304,3416,5492,5629,3261,3208
