258.7544293673709,275.7527034562081,237.60757644241676,282.8420038954355,210.71778501244262,278.19612494297326,181.88094719173387,269.51652275864035,145.41472084634006,258.9342687819153,120.87316502491012,227.09743452677503,152.3671819511801,195.41149658430368,107.47754657454789,178.58629528759047,63.91365320561454,152.52778651518747,109.74627284286544,125.97670901427045
278.1539350940477,132.02657868485386,56.1204804304418,282.73744419149506,191.74241535249394,414.2014974361942,265.4526606983054,315.0923609566952,78.86278833509236,307.50048072407793,455.88997255797926,436.5084185307869,367.4718226972432,218.70578363947962,85.82873630815088,365.68543948339396,36.26420632789976,32.96963228776613,132.04048552336906,439.9886740703742
158.15994911268353,29,157.4612012412399,55.82160682370886,155.99977124622092,94.4709709873423,158.2935233754106,131.31066332617775,158.04445627937093,173.02947978721932,155.3557058922015,218.98739191982895,155.73096842924133,274.9309175708331,209.2487485157326,276.81723065674305,156.3772181700915,344.02701968699694,212.1815645210445,343.20260524144396
423.8288023164496,436.5670123966411,365.59383837273344,444.70154425222427,271.65027637872845,437.5660921414383,268.6637703021988,370.0818042582832,212.89212797489017,379.193269002717,195.45359130296856,252.56898332526907,132.00802920619026,193.1420069881715,77.77104137465358,170.50693300645798,106.60784474015236,47.61688375333324,46.75125402631238,30.455065303016454
265.4250036555594,320.1599999205421,241.23962395193192,282.65293502507296,254.32236990148306,238.7585597131423,206.4778873230639,241.88781526915648,253.33076627777706,185.03932302865292,199.42524096044394,187.53096624590808,247.4470415371535,126.18297759993953,191.6195517069554,128.61675971073134,187.07354138639323,60.99492460114192,243.7418993449533,60.130048874515865
400.93976313010046,327.9126272069887,464.43340014181393,146.4840469912727,198.4642096284441,257.9951826349232,470.7315770714351,34.9017018300994,425.40294162984145,276.6157571492937,388.91761998342577,276.32833978446547,394.7644726778342,62.917247881725295,118.42225829970265,286.95360191503227,257.39479463335704,246.18606715821304,132.26974761192736,86.63040684383766
199.33236202364787,226.0290524540469,172.36063627526164,212.3969520367682,181.78690082160756,177.2577827977948,145.23716092808172,187.9984457124956,152.55363518884405,146.00266466243193,114.60351114999503,165.28373738378286,91.87272205203772,132.44206249527633,131.17937602847815,108.94309867732227,92.20937491580844,80.09825824853033,44.05808702344075,106.45517801493406
423.0183213763643,121.25078730593275,150.95837957518108,432.8056166481572,49.775247170900585,309.01852313842335,115.62049663289633,58.68574653553305,157.23078949671836,60.42548741806952,204.26198947077282,59.80910482902931,353.0507754651663,90.23300399781189,425.2040751476442,418.3244493052049,61.9349859929437,301.2363321102482,152.60153201381414,324.8229309299134
300.19278583768755,271.4611623156816,287.21494204411283,251.82414878997952,273.8202924723737,226.70705938525498,293.0461700200103,199.83974755648524,320.9951785444282,177.3357464838773,311.19496558839455,139.54086058074608,253.8896043743007,103.4075359501876,300.3778458875604,96.40344380913302,220.5580381406471,64.07515607494861,173.4016406396404,45.111423016525805
176.9725360153243,296.7672951561399,195.4545599562116,278.1125438781455,219.5868411483243,255.11806296370924,246.87931547686458,233.2695744219236,276.6234489916824,206.36967691918835,312.70444450480863,182.19222390884534,346.19218959566206,149.47876559849828,386.84713431540877,118.87161213671789,428.6470782435499,82.54801819566637,471,47.9964053761214
63.44533523218706,112.92519674543291,76.09449477540329,128.83830574899912,94.69440690381452,151.06554191047326,113.89281185436994,175.18430774798617,147.89106604317203,188.130459706299,186.26234262250364,182.5070340228267,221.3428567261435,155.91242831759155,227.8617945597507,199.46868369774893,267.7849009120837,140.42128997575492,274.2799911843613,190.7309401682578
144.47430431935936,315.1397154740989,120.92607288109139,313.8644186509773,91.49967360356823,312.9878675243817,236.44782587187365,215.8577054105699,198.18187097739428,216.9588740793988,158.09611987508833,220.7065157936886,114.20083701144904,216.77958594122902,66.74375625886023,216.14430155279115,118.1642481428571,121.65849971817806,68.07161479676142,123.42324802977964
36.73423794005066,177.0278208530508,78.56170716648921,177.58560421690345,119.07695429679006,186.27695866208524,165.57107472931966,203.06700500892475,205.99384721834213,243.408866409678,244.81599166663364,357.0639149574563,227.60818069288507,299.24114670883864,269.0253216815181,410.05424491129816,320.8326731561683,443.13347163656726,386.4754600422457,450.66153012029827
154.5074682305567,371.6415432104841,133.67136299517006,344.7580053699203,189.87565797846764,302.7678477913141,146.576614306774,282.9861615328118,293.42425332032144,253.2578222854063,247.3284512227401,227.5073498482816,196.32896899059415,204.74288140702993,301.24817966949195,148.5070608155802,352.6943361312151,178.2793139652349,404.24353643972427,213.58070129528642
96.8859344208613,303.0066153309308,95.8241240712814,275.7273585428484,100.29395914869383,235.02529332926497,112.31170094432309,201.0040959562175,134.7091717850417,166.3924524243921,173.58414239482954,137.4509240007028,220.38279173290357,129.7312322333455,274.3854530802928,127.77521419525146,333.4985289387405,127.73766715731472,389.06944671599194,133.73973391531035
402.9325371463783,200.1292501683347,385.6274516279809,198.3154443805106,350.71915484871715,193.1120864553377,315.032725950703,189.90803569275886,275.6491975262761,186.8362713130191,233.7743326020427,184.90868736384436,185.93704915139824,182.67613809043542,135.99660414876416,181.1069359332323,84.813929554075,183.75518278963864,29,182.25974487839267
298.60380261577666,232.6728531732224,269.66114986361936,218.15866643050686,301.32246908545494,192.82197086000815,265.95208634343,156.02619131701067,235.7839566608891,186.69914241926745,212.91085243830457,144.8160544191487,163.25274643627927,61.25870233401656,102.76717649027705,43.76361947134137,82.05451916530728,92.41426999680698,128.5283491811715,127.28536433400586
216.75339608453214,206.76373183215037,241.53709744894877,187.7777863596566,264.89324782555923,161.4538648999296,298.34604915138334,149.0361381485127,333.09848724119365,131.56343674100935,302.3037935588509,108.10272279800847,365.38852026546374,100.33443284640089,332.00612622639164,68.81910922052339,379.2554391771555,43.48831964703277,417.9152117855847,94.72337512904778
391.6383534464985,359.4362767813727,363.8335989913903,344.6213926663622,331.7335247416049,326.7696492895484,298.8803682955913,301.91921732993796,258.8646974293515,272.47040160931647,217.36699768854305,234.23242386849597,186.20399426901713,190.22263488732278,237.670726116281,146.64435285516083,291.9558495148085,105.65955686476082,345.7184628476389,60.788283929694444
437.7992322873324,55.48380341054872,409.2534886933863,56.200609280727804,374.42981727747247,55.67218813020736,335.75276376400143,55.477906906511635,292.0545496409759,54.06709992373362,245.47395901475102,52.93767341878265,196.5889399223961,52.89801144506782,142.04123164061457,52.225675800815225,85.37930810684338,50.1673380555585,29,48.66733413329348
